5
100 100
0 1 1 1 1 0 0 1 1 1 0 0 0 1 0 0 0 0 1 0 1 0 1 0 0 1 1 0 1 1 0 1 0 1 1 1 0 1 0 1 0 1 1 1 0 1 1 0 1 1 0 0 1 1 0 0 0 1 0 1 0 0 1 0 0 0 1 0 1 0 1 1 1 0 0 1 1 0 1 0 1 0 1 0 1 1 0 0 1 1 1 1 1 0 0 1 0 1 1 1 
2 1
3 1
4 2
5 3
6 3
7 6
8 5
9 8
10 6
11 10
12 9
13 3
14 12
15 12
16 12
17 13
18 1
19 14
20 8
21 18
22 13
23 7
24 7
25 15
26 23
27 6
28 27
29 12
30 20
31 22
32 5
33 5
34 18
35 8
36 9
37 25
38 27
39 13
40 37
41 13
42 16
43 10
44 5
45 11
46 34
47 41
48 28
49 36
50 41
51 4
52 31
53 51
54 33
55 22
56 28
57 6
58 29
59 30
60 18
61 56
62 40
63 62
64 34
65 51
66 18
67 46
68 40
69 2
70 21
71 56
72 49
73 67
74 59
75 54
76 54
77 58
78 37
79 64
80 77
81 79
82 42
83 50
84 18
85 2
86 12
87 41
88 38
89 46
90 23
91 52
92 78
93 63
94 65
95 94
96 4
97 45
98 68
99 75
100 61
63
93
37
17
52
66
98
49
57
53
18
95
13
55
88
18
23
40
40
60
68
91
72
91
63
79
11
8
24
58
86
38
50
74
54
1
91
3
1
99
7
70
45
19
76
32
88
51
24
28
10
91
18
82
33
33
12
44
40
35
53
25
72
2
50
78
2
92
32
54
90
39
24
86
9
51
18
97
1
93
24
11
35
93
44
68
25
55
63
16
42
15
92
13
68
41
42
21
32
26

100 100
1 0 1 0 0 1 1 1 1 1 1 0 1 1 1 0 0 1 1 0 1 0 0 0 0 1 1 0 1 0 1 1 1 0 1 1 1 0 0 1 0 1 1 1 0 0 0 1 0 1 1 1 1 0 1 1 1 0 1 1 1 0 0 0 0 1 1 0 0 1 1 0 0 0 1 0 1 1 1 1 0 1 0 1 1 1 1 0 0 0 1 1 1 1 1 1 1 0 1 1 
2 1
3 1
4 3
5 2
6 5
7 1
8 7
9 1
10 8
11 2
12 6
13 1
14 1
15 6
16 15
17 6
18 6
19 14
20 12
21 13
22 11
23 18
24 16
25 13
26 8
27 25
28 1
29 2
30 10
31 20
32 30
33 24
34 11
35 14
36 31
37 26
38 28
39 5
40 25
41 29
42 20
43 31
44 32
45 34
46 25
47 13
48 16
49 14
50 34
51 28
52 31
53 20
54 45
55 28
56 30
57 10
58 43
59 2
60 48
61 55
62 30
63 24
64 48
65 28
66 9
67 33
68 46
69 15
70 22
71 4
72 25
73 38
74 42
75 32
76 18
77 29
78 37
79 65
80 73
81 22
82 48
83 12
84 29
85 33
86 71
87 2
88 46
89 62
90 12
91 11
92 55
93 45
94 86
95 6
96 30
97 52
98 14
99 56
100 31
69
1
9
87
42
76
81
54
100
58
87
53
14
67
61
98
64
100
44
49
23
16
16
79
15
90
78
26
78
5
72
46
5
33
32
98
8
65
51
59
22
90
11
35
8
23
84
71
75
27
71
97
42
86
76
8
27
5
86
4
62
57
50
66
89
81
16
49
45
66
7
18
7
70
4
14
92
88
36
66
66
6
15
60
44
42
67
70
46
52
74
7
61
75
25
1
55
40
49
52

100 100
0 1 0 1 0 0 0 1 1 0 1 0 1 1 1 0 0 0 0 1 1 1 0 1 1 0 0 1 1 0 0 1 1 1 0 1 1 1 1 0 1 0 0 0 1 0 1 1 0 1 0 1 0 0 1 1 0 1 0 1 1 1 1 1 0 1 0 1 0 1 1 1 1 1 0 0 1 1 1 1 0 0 1 0 0 0 1 1 1 1 0 0 0 1 1 0 1 0 1 1 
2 1
3 1
4 2
5 4
6 3
7 2
8 4
9 8
10 4
11 10
12 1
13 1
14 11
15 5
16 4
17 16
18 17
19 10
20 10
21 14
22 3
23 2
24 5
25 4
26 11
27 20
28 2
29 10
30 15
31 20
32 25
33 31
34 19
35 27
36 12
37 16
38 30
39 22
40 33
41 24
42 41
43 17
44 21
45 40
46 2
47 26
48 36
49 3
50 8
51 8
52 29
53 19
54 2
55 47
56 23
57 5
58 24
59 32
60 45
61 55
62 25
63 28
64 12
65 64
66 16
67 57
68 26
69 3
70 47
71 47
72 45
73 30
74 54
75 7
76 32
77 71
78 10
79 46
80 5
81 70
82 51
83 10
84 62
85 1
86 33
87 72
88 36
89 84
90 12
91 17
92 45
93 27
94 7
95 57
96 59
97 67
98 49
99 27
100 95
83
11
10
61
17
54
69
79
81
96
55
62
32
26
58
36
16
71
17
59
71
63
60
53
21
83
78
3
32
23
64
66
33
25
26
50
31
95
28
11
42
83
73
26
60
82
61
75
52
77
85
74
92
45
26
12
79
3
66
62
25
29
27
10
6
5
59
88
51
38
98
92
72
22
17
84
3
30
58
6
6
95
79
97
91
56
60
21
11
26
82
87
6
8
96
11
64
6
50
14

100 100
1 1 1 0 0 1 1 1 0 1 0 0 1 1 0 1 0 0 1 0 1 0 1 0 1 0 1 1 0 0 0 1 1 1 1 0 1 1 1 1 0 1 1 1 0 0 0 1 0 1 1 1 1 0 1 0 1 0 1 1 1 0 0 0 1 1 0 0 0 1 0 0 1 1 1 1 1 1 0 1 0 0 0 1 0 0 0 1 0 1 0 1 1 0 0 1 0 0 1 0 
2 1
3 2
4 1
5 4
6 2
7 3
8 1
9 3
10 2
11 4
12 8
13 5
14 9
15 5
16 9
17 16
18 14
19 9
20 15
21 4
22 3
23 22
24 4
25 20
26 15
27 21
28 9
29 7
30 16
31 10
32 3
33 20
34 22
35 18
36 30
37 5
38 36
39 19
40 25
41 31
42 4
43 11
44 27
45 1
46 27
47 31
48 12
49 38
50 4
51 16
52 51
53 27
54 45
55 28
56 13
57 3
58 41
59 56
60 10
61 43
62 26
63 18
64 28
65 36
66 40
67 32
68 39
69 11
70 64
71 47
72 46
73 34
74 30
75 2
76 4
77 60
78 18
79 63
80 42
81 21
82 81
83 14
84 75
85 36
86 70
87 24
88 69
89 33
90 12
91 71
92 66
93 83
94 72
95 41
96 70
97 27
98 86
99 38
100 29
68
44
82
98
75
73
28
70
44
22
39
56
81
33
2
68
49
45
2
29
35
73
16
54
62
44
80
48
11
5
61
31
49
94
28
75
66
7
96
61
80
35
17
60
19
18
27
67
15
81
48
49
53
63
2
66
6
33
14
16
38
74
46
38
67
25
64
84
83
11
44
62
45
12
21
63
30
100
82
96
80
29
44
84
91
98
49
96
30
14
63
19
39
61
8
57
37
23
40
72

100 100
1 1 0 1 0 1 0 1 0 1 0 1 1 0 0 1 1 0 0 0 0 0 1 0 0 0 1 1 1 0 0 0 1 0 1 0 1 1 1 1 0 0 0 1 0 0 0 1 1 0 1 1 1 0 1 1 1 0 0 0 1 0 0 0 1 1 0 0 1 0 0 1 0 0 1 0 1 1 1 0 0 0 1 1 1 0 0 0 1 1 0 0 1 0 0 0 1 1 1 0 
2 1
3 2
4 2
5 4
6 4
7 6
8 7
9 7
10 2
11 9
12 1
13 1
14 7
15 14
16 8
17 6
18 13
19 1
20 9
21 16
22 6
23 20
24 7
25 1
26 14
27 8
28 6
29 24
30 8
31 7
32 3
33 6
34 29
35 28
36 2
37 11
38 20
39 4
40 25
41 28
42 40
43 40
44 3
45 23
46 18
47 18
48 2
49 12
50 12
51 26
52 8
53 15
54 21
55 42
56 54
57 39
58 19
59 20
60 29
61 50
62 35
63 37
64 43
65 35
66 53
67 8
68 67
69 53
70 51
71 17
72 22
73 25
74 30
75 14
76 34
77 25
78 60
79 72
80 60
81 24
82 2
83 64
84 1
85 12
86 55
87 80
88 72
89 66
90 3
91 17
92 15
93 91
94 40
95 67
96 31
97 35
98 32
99 47
100 68
35
93
27
87
34
62
97
15
52
70
46
47
71
48
76
62
14
56
59
63
95
85
81
29
49
62
34
16
1
100
75
87
44
1
73
30
63
21
44
66
43
41
13
13
40
40
74
6
95
84
68
41
68
49
70
68
62
55
83
62
7
9
49
50
10
73
79
24
94
74
89
36
15
53
100
6
93
25
11
87
8
79
28
75
79
49
94
40
3
77
53
61
85
53
11
46
26
41
69
71

