5
100 100
0 1 0 1 0 0 0 0 0 0 0 0 0 1 0 1 1 0 0 1 1 0 0 1 1 1 0 0 0 0 0 0 1 0 1 1 0 1 0 1 1 0 1 1 1 0 1 0 0 1 1 1 1 1 1 0 0 1 0 0 1 0 0 0 0 1 0 1 1 0 0 0 0 1 0 1 1 1 1 1 0 0 1 1 1 0 1 0 1 1 0 1 0 1 1 0 0 1 1 1 
2 1
3 2
4 3
5 2
6 3
7 1
8 1
9 3
10 4
11 6
12 3
13 2
14 5
15 14
16 10
17 2
18 4
19 6
20 13
21 19
22 4
23 6
24 18
25 5
26 23
27 20
28 19
29 14
30 13
31 21
32 23
33 1
34 13
35 13
36 31
37 8
38 17
39 7
40 5
41 22
42 9
43 30
44 26
45 8
46 33
47 9
48 33
49 30
50 22
51 26
52 36
53 37
54 16
55 36
56 5
57 18
58 1
59 58
60 31
61 16
62 9
63 55
64 1
65 41
66 20
67 65
68 60
69 10
70 13
71 55
72 51
73 63
74 7
75 46
76 47
77 19
78 47
79 66
80 49
81 26
82 66
83 29
84 7
85 31
86 5
87 1
88 82
89 21
90 35
91 80
92 29
93 44
94 70
95 1
96 62
97 90
98 29
99 95
100 90
44
8
62
82
34
76
55
92
20
72
84
5
66
36
63
48
66
37
44
42
88
53
45
56
51
75
19
76
21
42
51
16
1
12
49
34
39
3
77
58
26
61
63
91
96
25
91
13
13
86
6
52
38
50
59
41
76
78
68
49
71
18
64
71
30
65
56
68
67
32
26
93
92
40
35
40
16
77
52
80
62
58
31
52
59
90
92
35
19
59
83
41
77
98
63
58
62
18
77
81

100 100
0 1 0 0 0 0 1 1 1 0 0 0 1 1 1 0 0 0 0 0 1 0 0 1 1 0 0 1 1 0 1 1 0 1 1 0 1 0 0 0 1 0 1 0 1 0 0 1 1 0 1 0 0 1 1 0 1 1 1 0 1 0 0 1 1 1 0 0 0 0 1 1 0 0 1 0 0 0 1 1 0 1 1 1 0 0 1 0 1 0 0 1 0 0 0 1 0 0 1 0 
2 1
3 1
4 1
5 4
6 1
7 1
8 5
9 8
10 4
11 3
12 8
13 10
14 11
15 7
16 10
17 13
18 13
19 6
20 3
21 7
22 21
23 13
24 14
25 10
26 12
27 26
28 18
29 6
30 8
31 10
32 29
33 9
34 33
35 25
36 26
37 35
38 20
39 33
40 16
41 4
42 10
43 31
44 3
45 31
46 40
47 13
48 12
49 45
50 31
51 9
52 30
53 31
54 25
55 36
56 5
57 53
58 18
59 20
60 15
61 14
62 58
63 25
64 18
65 49
66 48
67 22
68 8
69 37
70 5
71 45
72 60
73 27
74 1
75 62
76 44
77 57
78 33
79 66
80 60
81 71
82 32
83 72
84 5
85 8
86 72
87 22
88 6
89 51
90 84
91 19
92 25
93 72
94 17
95 35
96 73
97 71
98 41
99 91
100 14
12
16
23
6
40
22
99
9
98
31
22
28
71
45
61
54
78
84
41
20
93
89
27
12
87
20
31
45
13
42
55
24
9
77
30
100
51
80
8
48
62
29
27
32
26
87
37
3
23
29
75
15
17
53
78
3
72
8
99
85
1
6
60
61
82
41
61
32
21
20
31
34
1
58
66
26
96
54
80
18
83
54
84
51
7
13
6
30
21
4
66
73
9
26
34
43
66
46
74
38

100 100
0 0 1 0 1 0 1 0 1 1 0 1 0 1 0 0 0 1 0 0 0 1 0 1 0 1 1 0 0 0 1 1 0 0 1 1 0 1 0 0 0 0 1 0 1 1 1 1 0 1 1 1 0 0 0 1 1 1 1 0 1 0 1 0 1 0 1 1 1 1 1 1 1 1 0 1 0 1 0 1 0 0 0 0 0 0 1 1 1 0 1 0 1 0 0 0 1 0 1 0 
2 1
3 2
4 1
5 4
6 1
7 5
8 6
9 5
10 6
11 7
12 1
13 8
14 7
15 8
16 5
17 5
18 9
19 18
20 6
21 1
22 21
23 4
24 2
25 9
26 8
27 2
28 24
29 24
30 16
31 21
32 9
33 2
34 31
35 4
36 12
37 30
38 21
39 11
40 25
41 1
42 4
43 4
44 11
45 36
46 2
47 24
48 18
49 25
50 16
51 4
52 33
53 46
54 29
55 40
56 45
57 4
58 49
59 19
60 3
61 57
62 43
63 58
64 26
65 62
66 23
67 36
68 59
69 63
70 9
71 13
72 45
73 53
74 20
75 41
76 10
77 76
78 29
79 37
80 75
81 54
82 57
83 79
84 16
85 64
86 80
87 68
88 26
89 9
90 60
91 15
92 82
93 87
94 73
95 7
96 68
97 11
98 59
99 25
100 84
22
63
41
46
62
79
57
9
71
16
5
24
80
81
31
39
100
4
29
85
50
13
18
68
68
40
75
11
76
85
28
50
99
68
95
60
46
4
21
68
71
77
44
50
57
26
40
56
82
68
92
31
32
9
98
51
49
24
13
76
61
92
25
59
59
72
71
57
75
91
76
97
19
19
46
75
45
37
82
26
56
74
8
87
34
57
89
34
32
54
10
92
45
86
51
4
57
73
12
83

100 100
0 0 0 0 1 1 0 1 1 1 0 0 0 1 0 0 1 1 1 0 0 0 0 0 0 0 1 0 0 0 1 0 1 1 0 0 1 0 1 0 1 1 1 0 0 1 0 1 0 1 1 0 0 1 1 0 1 0 0 1 1 1 1 0 1 1 0 0 1 1 0 1 0 1 1 0 1 1 1 1 0 0 0 0 0 1 0 1 1 1 1 0 0 0 0 1 0 0 1 1 
2 1
3 1
4 3
5 2
6 4
7 2
8 4
9 7
10 1
11 1
12 7
13 10
14 2
15 5
16 4
17 6
18 5
19 17
20 14
21 1
22 4
23 10
24 15
25 24
26 7
27 6
28 1
29 9
30 8
31 17
32 18
33 4
34 22
35 19
36 11
37 23
38 9
39 19
40 14
41 39
42 35
43 35
44 14
45 23
46 35
47 19
48 3
49 6
50 14
51 2
52 1
53 48
54 30
55 22
56 24
57 38
58 28
59 23
60 42
61 15
62 39
63 13
64 59
65 10
66 43
67 12
68 57
69 57
70 21
71 40
72 45
73 7
74 60
75 68
76 7
77 11
78 29
79 64
80 5
81 79
82 7
83 43
84 23
85 1
86 27
87 75
88 5
89 6
90 79
91 81
92 46
93 16
94 14
95 5
96 64
97 88
98 34
99 24
100 71
31
43
18
66
45
47
74
52
2
6
32
100
93
94
46
9
7
94
66
100
89
68
88
56
34
34
56
57
99
27
36
82
69
53
99
66
99
72
17
1
29
100
52
21
45
97
81
51
91
46
50
31
13
90
86
99
23
93
55
74
19
43
55
39
95
5
4
46
76
72
98
5
71
49
25
15
46
58
65
88
55
67
18
20
56
55
70
30
47
76
3
65
18
9
55
65
13
59
10
89

100 100
1 0 0 0 0 0 0 1 1 1 0 0 1 1 1 0 1 0 1 1 1 0 1 1 0 0 1 1 0 0 1 1 0 1 1 0 1 0 0 1 1 0 1 0 0 0 0 1 0 1 1 1 1 0 0 0 0 1 1 0 1 0 0 1 1 1 0 0 1 0 1 0 0 0 0 0 0 0 0 0 0 1 0 1 1 0 1 0 0 0 0 1 0 0 1 1 0 1 0 1 
2 1
3 2
4 1
5 4
6 1
7 1
8 6
9 1
10 1
11 1
12 10
13 6
14 8
15 6
16 13
17 9
18 11
19 5
20 6
21 4
22 19
23 20
24 11
25 4
26 1
27 3
28 4
29 26
30 21
31 9
32 19
33 13
34 31
35 32
36 15
37 25
38 5
39 6
40 12
41 7
42 35
43 4
44 21
45 35
46 26
47 45
48 10
49 17
50 29
51 30
52 7
53 17
54 42
55 23
56 45
57 1
58 26
59 7
60 57
61 28
62 16
63 7
64 53
65 27
66 23
67 2
68 60
69 30
70 23
71 24
72 53
73 53
74 20
75 28
76 62
77 22
78 19
79 78
80 23
81 26
82 40
83 15
84 78
85 52
86 10
87 60
88 58
89 42
90 70
91 42
92 63
93 6
94 19
95 41
96 52
97 96
98 31
99 67
100 30
21
46
40
25
67
91
63
16
38
25
49
43
66
9
13
33
78
22
53
76
47
94
1
4
63
53
100
30
93
55
26
13
52
66
89
18
8
3
33
46
27
33
40
92
42
4
25
71
25
29
46
23
74
46
27
88
51
78
70
43
32
95
7
84
12
95
1
20
49
86
17
76
70
56
19
11
60
95
82
36
75
27
59
100
25
37
88
75
14
57
69
98
3
27
33
15
21
85
86
21

